function DragData = density_exponential_model()

    % Retrieve Earth's exponential model atmospheric density look-up 
    % table [km] -> [kg/m³]
    
    DragData = [
          0,    1.225e+00;
         20,    9.490e-02;
         40,    4.070e-03;
         60,    3.310e-04;
         80,    1.680e-05;
        100,    5.080e-07;
        120,    1.800e-08;
        140,    3.260e-09;
        160,    1.180e-09;
        180,    5.510e-10;
        200,    2.910e-10;
        220,    1.660e-10;
        240,    9.910e-11;
        260,    6.160e-11;
        280,    3.940e-11;
        300,    2.580e-11;
        320,    1.720e-11;
        340,    1.160e-11;
        360,    7.990e-12;
        380,    5.550e-12;
        400,    3.890e-12;
        420,    2.750e-12;
        440,    1.960e-12;
        460,    1.400e-12;
        480,    1.010e-12;
        500,    7.300e-13;
        520,    5.310e-13;
        540,    3.880e-13;
        560,    2.850e-13;
        580,    2.110e-13;
        600,    1.560e-13;
        620,    1.170e-13;
        640,    8.790e-14;
        660,    6.650e-14;
        680,    5.080e-14;
        700,    3.910e-14;
        720,    3.040e-14;
        740,    2.390e-14;
        760,    1.900e-14;
        780,    1.530e-14;
        800,    1.250e-14;
        820,    1.030e-14;
        840,    8.640e-15;
        860,    7.320e-15;
        880,    6.280e-15;
        900,    5.460e-15];

end